0,1.69795e-06,0
8.06458e-21,-1.6767e-18,8.06458e-21
3.40367e-19,-5.09396e-06,3.40367e-19
3.19006e-18,-1.35836e-05,3.19006e-18
1.38638e-17,-2.5469e-05,1.38638e-17
3.03487e-17,-4.07517e-05,3.03487e-17
-7.12473e-18,-5.94288e-05,-7.12473e-18
-3.57973e-16,-8.15034e-05,-3.57973e-16
-1.79324e-15,-0.000106973,-1.79323e-15
-6.18489e-15,-0.000135838,-6.18489e-15
-1.7507e-14,-0.000168098,-1.7507e-14
-4.34071e-14,-0.000203752,-4.34072e-14
-9.75229e-14,-0.000242811,-9.75229e-14
-2.02733e-13,-0.000285258,-2.02733e-13
-3.9553e-13,-0.000331106,-3.9553e-13
-7.31713e-13,-0.00038035,-7.31713e-13
-1.29356e-12,-0.000432978,-1.29357e-12
-2.19871e-12,-0.000489008,-2.19871e-12
-3.61079e-12,-0.00054844,-3.61079e-12
-5.75208e-12,-0.000611262,-5.75208e-12
-8.91827e-12,-0.000677477,-8.91827e-12
-1.34954e-11,-0.000747113,-1.34954e-11
-1.99791e-11,-0.000820127,-1.99791e-11
-2.89964e-11,-0.00089651,-2.89964e-11
-4.133e-11,-0.000976335,-4.133e-11
-5.79452e-11,-0.00105951,-5.79452e-11
-8.00193e-11,-0.00114612,-8.00193e-11
-1.08975e-10,-0.00123612,-1.08975e-10
-1.46514e-10,-0.0013295,-1.46514e-10
-1.94659e-10,-0.00142629,-1.94659e-10
-2.55793e-10,-0.00152648,-2.55793e-10
-3.32705e-10,-0.00163001,-3.32705e-10
-4.28639e-10,-0.00173698,-4.28639e-10
-5.47348e-10,-0.0018474,-5.47348e-10
-6.93149e-10,-0.00196111,-6.93149e-10
-8.70981e-10,-0.00207834,-8.70981e-10
-1.08648e-09,-0.00219886,-1.08648e-09
-1.34602e-09,-0.0023228,-1.34602e-09
-1.65683e-09,-0.0024501,-1.65683e-09
-2.02703e-09,-0.00258089,-2.02703e-09
-2.46574e-09,-0.00271495,-2.46575e-09
-2.98315e-09,-0.00285253,-2.98315e-09
-3.5906e-09,-0.00299347,-3.5906e-09
-4.30072e-09,-0.00313774,-4.30072e-09
-5.12747e-09,-0.00328552,-5.12747e-09
-6.08632e-09,-0.00343662,-6.08632e-09
-7.19426e-09,-0.00359102,-7.19426e-09
-8.47e-09,-0.00374901,-8.47e-09
-9.93403e-09,-0.00391027,-9.93404e-09
-1.16088e-08,-0.00407498,-1.16088e-08
-1.35188e-08,-0.00424298,-1.35188e-08
-1.56907e-08,-0.00441452,-1.56907e-08
-1.81534e-08,-0.00458923,-1.81535e-08
-2.09385e-08,-0.00476761,-2.09385e-08
-2.40798e-08,-0.00494912,-2.40798e-08
-2.76141e-08,-0.00513414,-2.76141e-08
-3.15811e-08,-0.0053227,-3.15811e-08
-3.60232e-08,-0.00551431,-3.60232e-08
-4.09864e-08,-0.0057096,-4.09864e-08
-4.65197e-08,-0.00590823,-4.65196e-08
-5.26755e-08,-0.00611005,-5.26754e-08
-5.95099e-08,-0.00631533,-5.95099e-08
-6.70826e-08,-0.00652424,-6.70826e-08
-7.54575e-08,-0.00673634,-7.54575e-08
-8.47019e-08,-0.00695185,-8.47019e-08
-9.48876e-08,-0.00717056,-9.48876e-08
-1.06091e-07,-0.0073928,-1.06091e-07
-1.18391e-07,-0.00761842,-1.18391e-07
-1.31873e-07,-0.00784759,-1.31873e-07
-1.46626e-07,-0.00808002,-1.46626e-07
-1.62743e-07,-0.00831563,-1.62743e-07
-1.80323e-07,-0.00855483,-1.80323e-07
-1.99468e-07,-0.00879743,-1.99468e-07
-2.20285e-07,-0.0090431,-2.20286e-07
-2.42887e-07,-0.00929212,-2.42887e-07
-2.6739e-07,-0.0095447,-2.6739e-07
-2.93914e-07,-0.00980073,-2.93913e-07
-3.22584e-07,-0.0100601,-3.22584e-07
-3.5353e-07,-0.0103225,-3.5353e-07
-3.86886e-07,-0.0105888,-3.86886e-07
-4.22788e-07,-0.0108583,-4.22789e-07
-4.61379e-07,-0.0111309,-4.61379e-07
-5.028e-07,-0.0114068,-5.028e-07
-5.47202e-07,-0.011686,-5.47202e-07
-5.94733e-07,-0.0119689,-5.94733e-07
-6.45544e-07,-0.0122549,-6.45545e-07
-6.99791e-07,-0.0125444,-6.99791e-07
-7.5763e-07,-0.012837,-7.5763e-07
-8.19214e-07,-0.013133,-8.19213e-07
-8.84702e-07,-0.013432,-8.84703e-07
-9.54252e-07,-0.0137349,-9.54253e-07
-1.02802e-06,-0.0140409,-1.02802e-06
-1.10615e-06,-0.0143502,-1.10615e-06
-1.18881e-06,-0.0146628,-1.18881e-06
-1.27613e-06,-0.0149783,-1.27613e-06
-1.36827e-06,-0.0152978,-1.36827e-06
-1.46536e-06,-0.0156197,-1.46536e-06
-1.56754e-06,-0.0159456,-1.56754e-06
-1.67493e-06,-0.0162746,-1.67493e-06
-1.78767e-06,-0.0166067,-1.78767e-06
-1.90587e-06,-0.0169427,-1.90587e-06
-2.02962e-06,-0.0172813,-2.02962e-06
-2.15903e-06,-0.0176236,-2.15903e-06
-2.29419e-06,-0.0179688,-2.29419e-06
-2.43517e-06,-0.0183175,-2.43517e-06
-2.58204e-06,-0.0186691,-2.58204e-06
-2.73487e-06,-0.0190241,-2.73487e-06
-2.89368e-06,-0.0193828,-2.89368e-06
-3.05851e-06,-0.0197445,-3.05851e-06
-3.2294e-06,-0.0201095,-3.2294e-06
-3.40633e-06,-0.0204775,-3.40633e-06
-3.58932e-06,-0.0208486,-3.58932e-06
-3.77835e-06,-0.0212228,-3.77835e-06
-3.97339e-06,-0.0216005,-3.97339e-06
-4.17441e-06,-0.0219821,-4.17441e-06
-4.38136e-06,-0.0223659,-4.38135e-06
-4.59419e-06,-0.0227538,-4.59419e-06
-4.81283e-06,-0.0231446,-4.81284e-06
-5.03724e-06,-0.0235381,-5.03724e-06
-5.26731e-06,-0.0239351,-5.26731e-06
-5.50297e-06,-0.0243357,-5.50298e-06
-5.74417e-06,-0.0247393,-5.74417e-06
-5.99079e-06,-0.025146,-5.9908e-06
-6.24281e-06,-0.0255561,-6.24281e-06
-6.50011e-06,-0.02597,-6.50012e-06
-6.76264e-06,-0.0263862,-6.76264e-06
-7.03034e-06,-0.0268054,-7.03034e-06
-7.30317e-06,-0.027229,-7.30317e-06
-7.58111e-06,-0.0276555,-7.5811e-06
-7.86411e-06,-0.0280839,-7.86411e-06
-8.15221e-06,-0.0285169,-8.15221e-06
-8.44542e-06,-0.028953,-8.44542e-06
-8.74376e-06,-0.0293922,-8.74377e-06
-9.04738e-06,-0.0298344,-9.04737e-06
-9.35627e-06,-0.0302795,-9.35627e-06
-9.67062e-06,-0.0307277,-9.67061e-06
-9.99057e-06,-0.0311808,-9.99058e-06
-1.03163e-05,-0.0316355,-1.03163e-05
-1.0648e-05,-0.0320931,-1.06481e-05
-1.0986e-05,-0.0325552,-1.0986e-05
-1.13306e-05,-0.0330204,-1.13306e-05
-1.16819e-05,-0.0334873,-1.16819e-05
-1.20404e-05,-0.0339585,-1.20404e-05
-1.24065e-05,-0.0344333,-1.24065e-05
-1.27805e-05,-0.0349108,-1.27805e-05
-1.31629e-05,-0.0353914,-1.31629e-05
-1.35541e-05,-0.0358749,-1.35541e-05
-1.39546e-05,-0.036363,-1.39546e-05
-1.43648e-05,-0.0368528,-1.43648e-05
-1.47852e-05,-0.0373472,-1.47852e-05
-1.52164e-05,-0.0378429,-1.52164e-05
-1.56588e-05,-0.0383433,-1.56588e-05
-1.61129e-05,-0.0388451,-1.6113e-05
-1.65794e-05,-0.0393513,-1.65794e-05
-1.70585e-05,-0.0398613,-1.70586e-05
-1.75509e-05,-0.0403737,-1.75509e-05
-1.80569e-05,-0.0408884,-1.80569e-05
-1.85769e-05,-0.0414067,-1.8577e-05
-1.91115e-05,-0.0419288,-1.91115e-05
-1.96609e-05,-0.042454,-1.96609e-05
-2.02254e-05,-0.0429819,-2.02254e-05
-2.08054e-05,-0.043513,-2.08054e-05
-2.1401e-05,-0.0440468,-2.1401e-05
-2.20125e-05,-0.0445839,-2.20125e-05
-2.26398e-05,-0.0451245,-2.26399e-05
-2.32832e-05,-0.0456662,-2.32833e-05
-2.39427e-05,-0.0462127,-2.39427e-05
-2.4618e-05,-0.0467629,-2.46181e-05
-2.53092e-05,-0.0473161,-2.53092e-05
-2.6016e-05,-0.0478701,-2.6016e-05
-2.67382e-05,-0.048428,-2.67382e-05
-2.74754e-05,-0.0489898,-2.74753e-05
-2.82271e-05,-0.0495544,-2.82271e-05
-2.8993e-05,-0.0501218,-2.8993e-05
-2.97725e-05,-0.0506918,-2.97725e-05
-3.05651e-05,-0.0512657,-3.05651e-05
-3.13699e-05,-0.0518428,-3.13699e-05
-3.21862e-05,-0.0524225,-3.21863e-05
-3.30134e-05,-0.0530037,-3.30134e-05
-3.38505e-05,-0.0535889,-3.38505e-05
-3.46966e-05,-0.0541788,-3.46966e-05
-3.55507e-05,-0.0547694,-3.55507e-05
-3.64118e-05,-0.055364,-3.64118e-05
-3.72788e-05,-0.0559602,-3.72788e-05
-3.81509e-05,-0.0565587,-3.81508e-05
-3.90263e-05,-0.0571636,-3.90263e-05
-3.99045e-05,-0.057769,-3.99044e-05
-4.07839e-05,-0.0583769,-4.07839e-05
-4.16635e-05,-0.0589887,-4.16635e-05
-4.25421e-05,-0.0596016,-4.25421e-05
-4.34184e-05,-0.0602189,-4.34184e-05
-4.42912e-05,-0.06084,-4.42912e-05
-4.51595e-05,-0.0614623,-4.51595e-05
-4.60218e-05,-0.0620888,-4.60218e-05
-4.68774e-05,-0.0627171,-4.68774e-05
-4.77251e-05,-0.0633488,-4.77251e-05
-4.85636e-05,-0.0639825,-4.85637e-05
-4.93925e-05,-0.0646196,-4.93924e-05
-5.02107e-05,-0.0652586,-5.02106e-05
-5.10173e-05,-0.0659012,-5.10174e-05
-5.18121e-05,-0.0665456,-5.18121e-05
-5.25943e-05,-0.0671934,-5.25942e-05
-5.33635e-05,-0.0678458,-5.33635e-05
-5.41195e-05,-0.0684989,-5.41195e-05
-5.48623e-05,-0.0691559,-5.48622e-05
-5.55919e-05,-0.0698147,-5.55919e-05
-5.63085e-05,-0.0704753,-5.63085e-05
-5.70126e-05,-0.0711415,-5.70126e-05
-5.77045e-05,-0.0718066,-5.77046e-05
-5.83852e-05,-0.072479,-5.83852e-05
-5.90554e-05,-0.0731517,-5.90554e-05
-5.97161e-05,-0.073826,-5.97161e-05
-6.03687e-05,-0.0745051,-6.03687e-05
-6.10142e-05,-0.0751863,-6.10141e-05
-6.16541e-05,-0.0758699,-6.16541e-05
-6.22902e-05,-0.0765566,-6.22902e-05
-6.2924e-05,-0.0772443,-6.2924e-05
-6.35572e-05,-0.077937,-6.35572e-05
-6.41916e-05,-0.0786312,-6.41915e-05
-6.48291e-05,-0.0793298,-6.48291e-05
-6.54714e-05,-0.0800281,-6.54714e-05
-6.61205e-05,-0.0807314,-6.61205e-05
-6.6778e-05,-0.0814374,-6.6778e-05
-6.74459e-05,-0.0821466,-6.74458e-05
-6.81256e-05,-0.0828568,-6.81256e-05
-6.88188e-05,-0.0835701,-6.88189e-05
-6.95269e-05,-0.0842864,-6.9527e-05
-7.02515e-05,-0.0850037,-7.02515e-05
-7.09935e-05,-0.0857261,-7.09934e-05
-7.17538e-05,-0.086449,-7.17538e-05
-7.25336e-05,-0.0871759,-7.25335e-05
-7.3333e-05,-0.0879048,-7.33332e-05
-7.41531e-05,-0.0886368,-7.41531e-05
-7.49939e-05,-0.0893698,-7.49938e-05
-7.58552e-05,-0.0901085,-7.58551e-05
-7.67373e-05,-0.0908477,-7.67373e-05
-7.76397e-05,-0.0915896,-7.76396e-05
-7.85619e-05,-0.0923341,-7.8562e-05
-7.95037e-05,-0.093082,-7.95037e-05
-8.04639e-05,-0.0938294,-8.04639e-05
-8.14414e-05,-0.0945808,-8.14414e-05
-8.24358e-05,-0.0953376,-8.24358e-05
-8.34458e-05,-0.0960919,-8.34456e-05
-8.44695e-05,-0.0968513,-8.44696e-05
-8.55066e-05,-0.0976152,-8.55066e-05
-8.6555e-05,-0.0983779,-8.6555e-05
-8.76136e-05,-0.0991443,-8.76137e-05
-8.86806e-05,-0.0999129,-8.86806e-05
-8.97551e-05,-0.100684,-8.9755e-05
-9.08348e-05,-0.101458,-9.08347e-05
-9.19189e-05,-0.102231,-9.19187e-05
-9.30056e-05,-0.103009,-9.30055e-05
-9.40934e-05,-0.103791,-9.40934e-05
-9.51807e-05,-0.104571,-9.51808e-05
-9.62665e-05,-0.105355,-9.62667e-05
-9.73491e-05,-0.106141,-9.73491e-05
-9.84275e-05,-0.106932,-9.84275e-05
-9.95001e-05,-0.107723,-9.95e-05
-0.000100566,-0.108516,-0.000100566
-0.000101624,-0.10931,-0.000101624
-0.000102673,-0.110105,-0.000102673
-0.000103712,-0.110904,-0.000103712
-0.000104741,-0.111706,-0.000104741
-0.000105759,-0.11251,-0.000105759
-0.000106766,-0.113312,-0.000106766
-0.000107761,-0.11412,-0.000107761
-0.000108744,-0.114929,-0.000108744
-0.000109716,-0.115742,-0.000109716
-0.000110678,-0.116552,-0.000110678
-0.000111628,-0.117367,-0.000111629
-0.00011257,-0.118187,-0.00011257
-0.000113504,-0.119003,-0.000113504
-0.000114431,-0.119825,-0.000114431
-0.000115354,-0.120647,-0.000115354
-0.000116273,-0.121471,-0.000116273
-0.000117192,-0.122299,-0.000117192
-0.000118113,-0.123128,-0.000118113
-0.000119038,-0.123957,-0.000119038
-0.000119971,-0.124788,-0.000119971
-0.000120915,-0.125623,-0.000120915
-0.000121872,-0.12646,-0.000121872
-0.000122845,-0.127297,-0.000122845
-0.000123839,-0.12814,-0.000123839
-0.000124855,-0.128982,-0.000124855
-0.000125898,-0.129826,-0.000125898
-0.00012697,-0.130671,-0.00012697
-0.000128072,-0.131521,-0.000128072
-0.00012921,-0.132367,-0.00012921
-0.000130382,-0.133222,-0.000130382
-0.000131593,-0.134074,-0.000131593
-0.000132842,-0.13493,-0.000132842
-0.000134131,-0.135789,-0.000134131
-0.00013546,-0.136647,-0.00013546
-0.000136829,-0.137506,-0.00013683
-0.000138238,-0.13837,-0.000138238
-0.000139684,-0.139234,-0.000139685
-0.000141168,-0.1401,-0.000141168
-0.000142685,-0.140971,-0.000142685
-0.000144234,-0.141841,-0.000144234
-0.000145812,-0.142713,-0.000145812
-0.000147416,-0.143583,-0.000147416
-0.00014904,-0.14446,-0.00014904
-0.000150682,-0.145337,-0.000150682
-0.000152337,-0.146214,-0.000152337
-0.000154001,-0.147095,-0.000154
-0.000155668,-0.147978,-0.000155668
-0.000157334,-0.148859,-0.000157334
-0.000158995,-0.149742,-0.000158995
-0.000160646,-0.150625,-0.000160646
-0.000162283,-0.151513,-0.000162283
-0.000163901,-0.1524,-0.000163902
-0.000165498,-0.153291,-0.000165497
-0.000167068,-0.154177,-0.000167068
-0.000168611,-0.15507,-0.000168611
-0.000170122,-0.155964,-0.000170122
-0.000171601,-0.156856,-0.000171601
-0.000173045,-0.157753,-0.000173045
-0.000174454,-0.158648,-0.000174454
-0.000175828,-0.159543,-0.000175828
-0.000177167,-0.160441,-0.000177167
-0.000178471,-0.161344,-0.000178471
-0.000179743,-0.162241,-0.000179743
-0.000180984,-0.163142,-0.000180984
-0.000182197,-0.164046,-0.000182197
-0.000183385,-0.164949,-0.000183385
-0.00018455,-0.165853,-0.000184551
-0.000185698,-0.166755,-0.000185698
-0.000186831,-0.167663,-0.000186831
-0.000187954,-0.168569,-0.000187954
-0.000189071,-0.169477,-0.000189071
-0.000190187,-0.170385,-0.000190187
-0.000191307,-0.171296,-0.000191306
-0.000192433,-0.172207,-0.000192432
-0.000193571,-0.173121,-0.000193571
-0.000194725,-0.174034,-0.000194725
-0.000195899,-0.174946,-0.000195899
-0.000197097,-0.175863,-0.000197097
-0.000198321,-0.176779,-0.000198321
-0.000199576,-0.177697,-0.000199575
-0.000200862,-0.178616,-0.000200862
-0.000202184,-0.179534,-0.000202184
-0.000203541,-0.180455,-0.000203541
-0.000204935,-0.181375,-0.000204935
-0.000206368,-0.1823,-0.000206368
-0.000207839,-0.183223,-0.000207839
-0.000209347,-0.184145,-0.000209347
-0.000210893,-0.18507,-0.000210893
-0.000212474,-0.185996,-0.000212473
-0.000214087,-0.186925,-0.000214087
-0.000215732,-0.187851,-0.000215732
-0.000217404,-0.188782,-0.000217404
-0.0002191,-0.189707,-0.000219099
-0.000220816,-0.190639,-0.000220816
-0.000222547,-0.19157,-0.000222547
-0.000224289,-0.1925,-0.000224289
-0.000226038,-0.193429,-0.000226037
-0.000227787,-0.19436,-0.000227787
-0.000229533,-0.195294,-0.000229533
-0.000231269,-0.196223,-0.000231269
-0.000232993,-0.197154,-0.000232993
-0.000234699,-0.198088,-0.000234699
-0.000236384,-0.199021,-0.000236384
-0.000238046,-0.199951,-0.000238046
-0.000239681,-0.200883,-0.000239681
-0.00024129,-0.201817,-0.00024129
-0.000242872,-0.202749,-0.000242872
-0.000244428,-0.203682,-0.000244428
-0.000245961,-0.204613,-0.000245961
-0.000247476,-0.205546,-0.000247475
-0.000248976,-0.20648,-0.000248976
-0.000250468,-0.207409,-0.000250468
-0.00025196,-0.208339,-0.00025196
-0.000253461,-0.209274,-0.00025346
-0.00025498,-0.210201,-0.00025498
-0.000256529,-0.211132,-0.000256529
-0.000258116,-0.212063,-0.000258116
-0.000259756,-0.212993,-0.000259756
-0.000261458,-0.213925,-0.000261458
-0.000263233,-0.214857,-0.000263233
-0.000265092,-0.215784,-0.000265092
-0.000267044,-0.216716,-0.000267044
-0.000269098,-0.217642,-0.000269098
-0.000271259,-0.21857,-0.000271259
-0.000273532,-0.219499,-0.000273532
-0.00027592,-0.220426,-0.00027592
-0.000278424,-0.221353,-0.000278424
-0.000281042,-0.222286,-0.000281042
-0.00028377,-0.22321,-0.00028377
-0.000286603,-0.224138,-0.000286603
-0.000289533,-0.225067,-0.000289534
-0.000292552,-0.225994,-0.000292552
-0.000295649,-0.22692,-0.000295649
-0.000298814,-0.227843,-0.000298813
-0.000302035,-0.228768,-0.000302035
-0.000305301,-0.229696,-0.000305302
-0.000308604,-0.230617,-0.000308603
-0.000311932,-0.231541,-0.000311932
-0.000315278,-0.232467,-0.000315278
-0.000318636,-0.23339,-0.000318635
-0.000322,-0.234314,-0.000322
-0.000325371,-0.235239,-0.000325371
-0.000328744,-0.236159,-0.000328744
-0.000332121,-0.237082,-0.000332121
-0.000335505,-0.237999,-0.000335504
-0.000338897,-0.238918,-0.000338897
-0.000342301,-0.239837,-0.000342301
-0.00034572,-0.240753,-0.00034572
-0.000349156,-0.241669,-0.000349156
-0.00035261,-0.242589,-0.00035261
-0.000356083,-0.243499,-0.000356083
-0.000359572,-0.244414,-0.000359573
-0.000363072,-0.245325,-0.000363073
-0.000366578,-0.246236,-0.000366578
-0.000370079,-0.247144,-0.000370079
-0.000373567,-0.248052,-0.000373567
-0.000377028,-0.248953,-0.000377028
-0.000380451,-0.249861,-0.000380451
-0.000383825,-0.250761,-0.000383824
-0.000387136,-0.251663,-0.000387136
-0.00039038,-0.252564,-0.00039038
-0.000393548,-0.253461,-0.000393549
-0.000396641,-0.254356,-0.000396641
-0.000399663,-0.255249,-0.000399663
-0.000402622,-0.256146,-0.000402622
-0.000405534,-0.257034,-0.000405534
-0.000408417,-0.257925,-0.000408417
-0.000411299,-0.258815,-0.000411299
-0.000414209,-0.259702,-0.000414209
-0.000417179,-0.260587,-0.000417178
-0.000420242,-0.261469,-0.000420242
-0.000423437,-0.262349,-0.000423438
-0.000426795,-0.263232,-0.000426795
-0.000430346,-0.264113,-0.000430346
-0.000434116,-0.264987,-0.000434115
-0.000438124,-0.265864,-0.000438124
-0.000442385,-0.266738,-0.000442384
-0.000446901,-0.267614,-0.000446902
-0.000451672,-0.268485,-0.000451672
-0.000456685,-0.269351,-0.000456685
-0.000461923,-0.270221,-0.000461923
-0.000467361,-0.271087,-0.000467361
-0.000472969,-0.271947,-0.000472969
-0.000478714,-0.272809,-0.000478715
-0.00048456,-0.273674,-0.00048456
-0.000490469,-0.274531,-0.00049047
-0.000496407,-0.275385,-0.000496407
-0.000502337,-0.276241,-0.000502338
-0.000508235,-0.277086,-0.000508236
-0.000514073,-0.277938,-0.000514072
-0.000519831,-0.278783,-0.000519832
-0.000525498,-0.279626,-0.000525499
-0.000531069,-0.28047,-0.000531069
-0.000536541,-0.281306,-0.000536541
-0.000541921,-0.282136,-0.000541922
-0.000547221,-0.282969,-0.000547221
-0.000552454,-0.283797,-0.000552453
-0.00055764,-0.28462,-0.00055764
-0.000562799,-0.28544,-0.000562798
-0.000567949,-0.286256,-0.000567949
-0.000573112,-0.287067,-0.000573112
-0.000578308,-0.287879,-0.000578308
-0.000583552,-0.288682,-0.000583552
-0.000588858,-0.289485,-0.000588857
-0.000594237,-0.290287,-0.000594236
-0.0005997,-0.291083,-0.000599699
-0.000605253,-0.291876,-0.000605253
-0.000610903,-0.292666,-0.000610903
-0.000616661,-0.293457,-0.000616661
-0.000622531,-0.294241,-0.000622532
-0.000628528,-0.295029,-0.000628528
-0.000634663,-0.295812,-0.000634664
-0.000640956,-0.296593,-0.000640957
-0.000647426,-0.297371,-0.000647424
-0.000654092,-0.298146,-0.000654093
-0.00066098,-0.298917,-0.000660979
-0.000668108,-0.29969,-0.000668109
-0.000675496,-0.300457,-0.000675496
-0.000683153,-0.301222,-0.000683152
-0.000691081,-0.301984,-0.000691081
-0.00069927,-0.302744,-0.000699269
-0.000707695,-0.303497,-0.000707694
-0.00071632,-0.304246,-0.000716321
-0.000725093,-0.304996,-0.000725093
-0.000733945,-0.305735,-0.000733945
-0.000742802,-0.306473,-0.000742802
-0.000751576,-0.307205,-0.000751577
-0.000760181,-0.307933,-0.000760182
-0.000768534,-0.308655,-0.000768533
-0.000776553,-0.309372,-0.000776554
-0.000784183,-0.310087,-0.000784182
-0.000791381,-0.310791,-0.000791381
-0.000798133,-0.311495,-0.000798133
-0.00080446,-0.312195,-0.000804461
-0.00081041,-0.312886,-0.000810409
-0.00081606,-0.313575,-0.000816061
-0.000821525,-0.314257,-0.000821524
-0.000826934,-0.314935,-0.000826936
-0.000832434,-0.315614,-0.000832434
-0.000838185,-0.316281,-0.000838185
-0.000844337,-0.316948,-0.000844337
-0.000851029,-0.317612,-0.000851029
-0.000858384,-0.318272,-0.000858385
-0.000866489,-0.318927,-0.000866489
-0.000875394,-0.319579,-0.000875394
-0.00088512,-0.320229,-0.00088512
-0.000895639,-0.320872,-0.000895638
-0.000906892,-0.321513,-0.000906891
-0.000918787,-0.322152,-0.000918787
-0.000931205,-0.322785,-0.000931203
-0.000944006,-0.323415,-0.000944006
-0.000957051,-0.324039,-0.000957051
-0.000970189,-0.324662,-0.000970189
-0.000983282,-0.325276,-0.000983282
-0.000996206,-0.325888,-0.000996205
-0.00100885,-0.32649,-0.00100885
-0.00102114,-0.32709,-0.00102114
-0.00103301,-0.327682,-0.00103301
-0.00104443,-0.328272,-0.00104443
-0.0010554,-0.32885,-0.0010554
-0.00106595,-0.32942,-0.00106595
-0.00107611,-0.329985,-0.00107611
-0.00108594,-0.330544,-0.00108594
-0.00109552,-0.331093,-0.00109552
-0.00110494,-0.331636,-0.00110494
-0.0011143,-0.33217,-0.0011143
-0.00112367,-0.332697,-0.00112367
-0.00113317,-0.333217,-0.00113317
-0.00114287,-0.333732,-0.00114287
-0.00115286,-0.334242,-0.00115286
-0.00116321,-0.334742,-0.00116321
-0.00117398,-0.33524,-0.00117398
-0.00118524,-0.335738,-0.00118524
-0.00119702,-0.336228,-0.00119702
-0.00120935,-0.336714,-0.00120935
-0.00122227,-0.337198,-0.00122227
-0.00123579,-0.337675,-0.00123579
-0.00124992,-0.338152,-0.00124992
-0.00126465,-0.338623,-0.00126465
-0.00127996,-0.339089,-0.00127996
-0.00129583,-0.339551,-0.00129583
-0.00131221,-0.340008,-0.00131221
-0.00132903,-0.340459,-0.00132903
-0.0013462,-0.340904,-0.0013462
-0.00136364,-0.341338,-0.00136364
-0.00138119,-0.341767,-0.00138119
-0.00139874,-0.342186,-0.00139874
-0.00141612,-0.342597,-0.00141612
-0.00143319,-0.343001,-0.00143319
-0.00144978,-0.343394,-0.00144978
-0.00146576,-0.343777,-0.00146576
-0.00148103,-0.344153,-0.00148103
-0.00149552,-0.344519,-0.00149552
-0.00150921,-0.344878,-0.00150921
-0.00152213,-0.345225,-0.00152213
-0.00153437,-0.345566,-0.00153437
-0.00154609,-0.345902,-0.00154609
-0.00155749,-0.346227,-0.00155749
-0.0015688,-0.346546,-0.0015688
-0.0015803,-0.346856,-0.0015803
-0.00159225,-0.347162,-0.00159225
-0.00160492,-0.347462,-0.00160492
-0.00161852,-0.347757,-0.00161852
-0.00163324,-0.348043,-0.00163324
-0.00164918,-0.348324,-0.00164918
-0.0016664,-0.3486,-0.0016664
-0.00168485,-0.348868,-0.00168485
-0.00170443,-0.349129,-0.00170443
-0.00172499,-0.349383,-0.00172499
-0.00174631,-0.349631,-0.00174631
-0.00176816,-0.349873,-0.00176816
-0.00179028,-0.350105,-0.00179028
-0.00181244,-0.350331,-0.00181244
-0.00183442,-0.350544,-0.00183441
-0.00185604,-0.350751,-0.00185604
-0.00187717,-0.350948,-0.00187717
-0.00189776,-0.351135,-0.00189776
-0.00191779,-0.351311,-0.00191779
-0.00193729,-0.351479,-0.00193729
-0.00195637,-0.351633,-0.00195637
-0.00197516,-0.35178,-0.00197516
-0.00199383,-0.351917,-0.00199383
-0.00201255,-0.35204,-0.00201255
-0.00203151,-0.352156,-0.00203152
-0.00205089,-0.352264,-0.00205089
-0.00207084,-0.35236,-0.00207084
-0.00209148,-0.352449,-0.00209149
-0.00211291,-0.35253,-0.00211291
-0.00213516,-0.352604,-0.00213516
-0.00215823,-0.352668,-0.00215823
-0.0021821,-0.352727,-0.00218211
-0.00220669,-0.352779,-0.00220669
-0.00223188,-0.352822,-0.00223187
-0.00225754,-0.352857,-0.00225754
-0.00228352,-0.352886,-0.00228352
-0.00230966,-0.352903,-0.00230966
-0.00233582,-0.352912,-0.00233581
-0.00236181,-0.35291,-0.00236182
-0.00238753,-0.352898,-0.00238753
-0.00241286,-0.352873,-0.00241286
-0.00243769,-0.352837,-0.0024377
-0.00246199,-0.352787,-0.00246199
-0.00248573,-0.352725,-0.00248574
-0.00250894,-0.35265,-0.00250894
-0.00253166,-0.352562,-0.00253166
-0.00255401,-0.352464,-0.00255401
-0.00257612,-0.352351,-0.00257613
-0.00259819,-0.352232,-0.00259819
-0.00262041,-0.352099,-0.00262041
-0.00264305,-0.35196,-0.00264305
-0.00266635,-0.351809,-0.00266635
-0.00269057,-0.351652,-0.00269057
-0.00271595,-0.351488,-0.00271595
-0.00274272,-0.351318,-0.00274272
-0.00277103,-0.351141,-0.00277103
-0.00280098,-0.350956,-0.00280097
-0.00283259,-0.350764,-0.00283259
-0.0028658,-0.350565,-0.0028658
-0.00290046,-0.350358,-0.00290046
-0.00293631,-0.350141,-0.00293631
-0.00297303,-0.349914,-0.00297303
-0.00301025,-0.349675,-0.00301025
-0.00304754,-0.349423,-0.00304753
-0.00308444,-0.349159,-0.00308444
-0.00312054,-0.348878,-0.00312055
-0.00315546,-0.348583,-0.00315546
-0.00318887,-0.348272,-0.00318887
-0.00322056,-0.347944,-0.00322055
-0.00325042,-0.347598,-0.00325042
-0.00327848,-0.347236,-0.00327848
-0.00330488,-0.34686,-0.00330489
-0.00332992,-0.346465,-0.00332992
-0.00335397,-0.346059,-0.00335398
-0.00337755,-0.345638,-0.00337755
-0.00340118,-0.345206,-0.00340118
-0.00342546,-0.344762,-0.00342545
-0.00345097,-0.34431,-0.00345097
-0.00347825,-0.343849,-0.00347826
-0.00350778,-0.343383,-0.00350778
-0.00353989,-0.342911,-0.00353989
-0.00357483,-0.342432,-0.00357483
-0.00361269,-0.341949,-0.00361269
-0.00365338,-0.341461,-0.00365339
-0.00369671,-0.340969,-0.00369672
-0.00374232,-0.340469,-0.00374231
-0.00378971,-0.33996,-0.00378971
-0.00383835,-0.339447,-0.00383835
-0.00388761,-0.33892,-0.0038876
-0.00393683,-0.338383,-0.00393683
-0.00398537,-0.337834,-0.00398537
-0.00403266,-0.33727,-0.00403266
-0.00407817,-0.336691,-0.00407817
-0.0041215,-0.336096,-0.0041215
-0.0041624,-0.335485,-0.0041624
-0.00420073,-0.334856,-0.00420074
-0.00423654,-0.334212,-0.00423655
-0.00427003,-0.333551,-0.00427004
-0.00430153,-0.332876,-0.00430153
-0.0043315,-0.332188,-0.00433149
-0.00436047,-0.331488,-0.00436047
-0.00438908,-0.330775,-0.00438907
-0.00441792,-0.330054,-0.00441792
-0.0044476,-0.329325,-0.0044476
-0.00447863,-0.32859,-0.00447864
-0.00451145,-0.327851,-0.00451145
-0.00454635,-0.327106,-0.00454636
-0.0045835,-0.32636,-0.00458349
-0.00462287,-0.325612,-0.00462287
-0.00466434,-0.32486,-0.00466434
-0.00470762,-0.324107,-0.00470762
-0.00475235,-0.32335,-0.00475234
-0.00479805,-0.322588,-0.00479804
-0.00484423,-0.321822,-0.00484423
-0.00489042,-0.321051,-0.00489043
-0.00493612,-0.32027,-0.00493612
-0.00498093,-0.319484,-0.00498092
-0.00502453,-0.318688,-0.00502453
-0.00506667,-0.317881,-0.00506667
-0.00510725,-0.317066,-0.00510725
-0.00514623,-0.316241,-0.00514623
-0.00518366,-0.315406,-0.00518366
-0.0052197,-0.314561,-0.0052197
-0.00525455,-0.313707,-0.00525456
-0.00528844,-0.312845,-0.00528845
-0.00532167,-0.311977,-0.00532166
-0.00535446,-0.311102,-0.00535444
-0.00538703,-0.310224,-0.00538703
-0.00541965,-0.309339,-0.00541964
-0.00545244,-0.308453,-0.00545244
-0.00548553,-0.307563,-0.00548553
-0.00551896,-0.306671,-0.00551896
-0.00555274,-0.305775,-0.00555274
-0.00558681,-0.304875,-0.00558682
-0.00562105,-0.303972,-0.00562106
-0.00565534,-0.303065,-0.00565534
-0.00568945,-0.30215,-0.00568945
-0.00572323,-0.301232,-0.00572322
-0.00575648,-0.300307,-0.00575647
-0.00578904,-0.299375,-0.00578905
-0.00582084,-0.298438,-0.00582083
-0.00585176,-0.297494,-0.00585176
-0.00588188,-0.296544,-0.00588187
-0.00591127,-0.295589,-0.00591127
-0.00594011,-0.29463,-0.00594011
-0.00596865,-0.293666,-0.00596865
-0.00599717,-0.2927,-0.00599717
-0.00602596,-0.291731,-0.00602596
-0.00605531,-0.290759,-0.00605531
-0.00608549,-0.289784,-0.00608549
-0.00611663,-0.288807,-0.00611662
-0.00614882,-0.287826,-0.00614881
-0.00618198,-0.286841,-0.00618197
-0.00621593,-0.285852,-0.00621593
-0.00625035,-0.284857,-0.00625035
-0.00628485,-0.283856,-0.00628485
-0.00631897,-0.282847,-0.00631897
-0.00635215,-0.28183,-0.00635215
-0.00638397,-0.280805,-0.00638397
-0.00641402,-0.279771,-0.00641403
-0.00644204,-0.278728,-0.00644203
-0.00646791,-0.277676,-0.00646792
-0.00649175,-0.276615,-0.00649176
-0.00651381,-0.275545,-0.00651381
-0.00653456,-0.274468,-0.00653455
-0.00655459,-0.273384,-0.00655458
-0.00657455,-0.272293,-0.00657454
-0.00659511,-0.271199,-0.00659512
-0.00661698,-0.270099,-0.00661697
-0.00664059,-0.268995,-0.00664059
-0.00666633,-0.267888,-0.00666633
-0.00669434,-0.26678,-0.00669434
-0.00672454,-0.265668,-0.00672454
-0.00675667,-0.264555,-0.00675667
-0.00679026,-0.263439,-0.00679026
-0.00682469,-0.26232,-0.0068247
-0.00685927,-0.261196,-0.00685928
-0.00689333,-0.260067,-0.00689333
-0.00692614,-0.258931,-0.00692614
-0.00695712,-0.257787,-0.00695713
-0.00698582,-0.256634,-0.00698582
-0.00701192,-0.255471,-0.00701191
-0.0070353,-0.254297,-0.0070353
-0.00705603,-0.253111,-0.00705604
-0.00707437,-0.251915,-0.00707437
-0.00709068,-0.250708,-0.00709067
-0.00710551,-0.249491,-0.00710551
-0.00711942,-0.248267,-0.00711941
-0.00713302,-0.247038,-0.00713303
-0.00714696,-0.245803,-0.00714696
-0.00716172,-0.244566,-0.00716172
-0.00717771,-0.243328,-0.0071777
-0.00719518,-0.242088,-0.00719517
-0.0072142,-0.240848,-0.0072142
-0.0072346,-0.239607,-0.0072346
-0.00725614,-0.238365,-0.00725613
-0.00727824,-0.237119,-0.00727823
-0.0073003,-0.235869,-0.00730031
-0.00732156,-0.234613,-0.00732155
-0.0073412,-0.233348,-0.0073412
-0.00735843,-0.232072,-0.00735843
-0.00737251,-0.230786,-0.00737251
-0.00738281,-0.229488,-0.00738281
-0.0073889,-0.228177,-0.00738889
-0.00739053,-0.226853,-0.00739054
-0.00738776,-0.225518,-0.00738776
-0.00738085,-0.224171,-0.00738085
-0.00737036,-0.222813,-0.00737035
-0.007357,-0.221448,-0.007357
-0.00734171,-0.220076,-0.00734171
-0.00732544,-0.218698,-0.00732543
-0.0073091,-0.217318,-0.0073091
-0.00729356,-0.215935,-0.00729356
-0.00727943,-0.21455,-0.00727944
-0.00726708,-0.213165,-0.00726707
-0.00725659,-0.211778,-0.00725659
-0.00724775,-0.210391,-0.00724775
-0.00724005,-0.209002,-0.00724005
-0.00723277,-0.207611,-0.00723276
-0.00722503,-0.206215,-0.00722503
-0.00721587,-0.204813,-0.00721588
-0.00720436,-0.203403,-0.00720436
-0.00718969,-0.201984,-0.00718968
-0.00717119,-0.200555,-0.00717118
-0.00714838,-0.199113,-0.00714837
-0.0071211,-0.197659,-0.00712111
-0.0070894,-0.196192,-0.00708941
-0.00705358,-0.194713,-0.00705358
-0.00701411,-0.193221,-0.00701411
-0.00697164,-0.191719,-0.00697163
-0.00692692,-0.190208,-0.00692691
-0.00688071,-0.188689,-0.00688071
-0.00683379,-0.187164,-0.00683378
-0.00678681,-0.185635,-0.0067868
-0.00674033,-0.184103,-0.00674032
-0.00669473,-0.182568,-0.00669473
-0.00665027,-0.181031,-0.00665026
-0.00660698,-0.179492,-0.00660698
-0.00656479,-0.17795,-0.00656478
-0.00652343,-0.176406,-0.00652343
-0.0064826,-0.174856,-0.0064826
-0.00644192,-0.1733,-0.00644192
-0.006401,-0.171738,-0.00640101
-0.00635951,-0.170167,-0.00635951
-0.00631717,-0.168588,-0.00631719
-0.00627387,-0.167001,-0.00627387
-0.00622962,-0.165403,-0.00622962
-0.0061846,-0.163799,-0.00618459
-0.00613913,-0.162187,-0.00613913
-0.00609371,-0.160568,-0.00609371
-0.00604891,-0.158944,-0.00604891
-0.00600537,-0.157315,-0.00600538
-0.00596372,-0.155683,-0.00596372
-0.00592456,-0.154047,-0.00592456
-0.00588834,-0.15241,-0.00588834
-0.0058554,-0.15077,-0.0058554
-0.00582587,-0.149129,-0.00582586
-0.00579969,-0.147485,-0.00579969
-0.00577663,-0.145837,-0.00577662
-0.00575627,-0.144186,-0.00575627
-0.00573817,-0.14253,-0.00573817
-0.00572176,-0.140868,-0.00572177
-0.00570653,-0.139201,-0.00570653
-0.00569202,-0.137526,-0.00569202
-0.0056779,-0.135845,-0.0056779
-0.005664,-0.134155,-0.00566399
-0.00565029,-0.132458,-0.00565029
-0.0056369,-0.130753,-0.0056369
-0.00562412,-0.129042,-0.00562411
-0.00561233,-0.127324,-0.00561234
-0.00560196,-0.125602,-0.00560195
-0.00559346,-0.123876,-0.00559345
-0.00558724,-0.122147,-0.00558724
-0.00558365,-0.120417,-0.00558365
-0.00558294,-0.118686,-0.00558294
-0.00558523,-0.116955,-0.00558524
-0.00559055,-0.115225,-0.00559057
-0.00559881,-0.113495,-0.00559881
-0.00560981,-0.111767,-0.00560981
-0.00562331,-0.110039,-0.00562331
-0.00563899,-0.108313,-0.005639
-0.00565659,-0.106587,-0.00565658
-0.00567575,-0.104863,-0.00567576
-0.00569624,-0.103139,-0.00569624
-0.0057178,-0.101417,-0.00571781
-0.00574025,-0.0996958,-0.00574025
-0.00576346,-0.0979774,-0.00576346
-0.0057873,-0.0962618,-0.0057873
-0.00581171,-0.0945494,-0.0058117
-0.00583656,-0.0928408,-0.00583656
-0.00586175,-0.0911368,-0.00586176
-0.00588714,-0.0894377,-0.00588715
-0.00591247,-0.087743,-0.00591247
-0.00593739,-0.086053,-0.0059374
-0.00596151,-0.0843668,-0.00596151
-0.00598432,-0.0826845,-0.00598432
-0.00600527,-0.0810057,-0.00600527
-0.00602375,-0.0793291,-0.00602375
-0.00603921,-0.077655,-0.00603921
-0.00605111,-0.075983,-0.00605111
-0.00605905,-0.0743136,-0.00605905
-0.00606279,-0.0726473,-0.00606279
-0.00606225,-0.0709851,-0.00606226
-0.00605759,-0.0693286,-0.00605759
-0.00604913,-0.0676795,-0.00604913
-0.00603742,-0.0660398,-0.00603742
-0.00602311,-0.0644116,-0.00602311
-0.00600692,-0.0627968,-0.00600693
-0.0059896,-0.0611976,-0.0059896
-0.0059718,-0.0596153,-0.00597179
-0.00595404,-0.0580518,-0.00595404
-0.00593658,-0.0565079,-0.00593659
-0.00591951,-0.0549842,-0.00591951
-0.00590257,-0.0534809,-0.00590257
-0.0058853,-0.0519977,-0.00588529
-0.0058669,-0.0505341,-0.00586689
-0.00584652,-0.0490895,-0.00584652
-0.00582313,-0.047663,-0.00582313
-0.00579571,-0.0462539,-0.00579571
-0.00576329,-0.0448616,-0.0057633
-0.00572512,-0.0434858,-0.00572512
-0.00568063,-0.0421266,-0.00568063
-0.00562959,-0.0407846,-0.00562958
-0.00557205,-0.0394609,-0.00557204
-0.0055084,-0.0381567,-0.00550841
-0.00543931,-0.0368742,-0.00543931
-0.00536565,-0.0356153,-0.00536566
-0.00528844,-0.0343827,-0.00528844
-0.00520872,-0.0331788,-0.00520872
-0.00512746,-0.032006,-0.00512746
-0.00504549,-0.0308665,-0.00504548
-0.00496334,-0.0297622,-0.00496335
-0.00488134,-0.0286947,-0.00488134
-0.0047994,-0.0276648,-0.0047994
-0.00471722,-0.0266733,-0.00471722
-0.00463423,-0.0257202,-0.00463423
-0.00454966,-0.0248055,-0.00454966
-0.00446272,-0.0239285,-0.00446272
-0.0043726,-0.0230887,-0.0043726
-0.00427862,-0.0222855,-0.00427862
-0.00418031,-0.0215185,-0.00418031
-0.0040775,-0.0207871,-0.0040775
-0.00397024,-0.0200915,-0.00397025
-0.00385898,-0.019432,-0.00385899
-0.00374435,-0.0188092,-0.00374435
-0.00362721,-0.018224,-0.00362721
-0.00350857,-0.0176777,-0.00350857
-0.00338945,-0.0171715,-0.00338945
-0.00327084,-0.0167065,-0.00327084
-0.00315359,-0.016284,-0.00315359
-0.00303836,-0.0159044,-0.00303837
-0.00292558,-0.015568,-0.00292558
-0.00281544,-0.0152743,-0.00281543
-0.00270788,-0.0150224,-0.00270788
-0.00260269,-0.0148104,-0.00260269
-0.00249953,-0.014636,-0.00249953
-0.002398,-0.0144966,-0.002398
-0.00229773,-0.0143891,-0.00229772
-0.00219845,-0.0143105,-0.00219844
-0.00210004,-0.0142578,-0.00210004
-0.00200261,-0.0142285,-0.00200261
-0.00190649,-0.0142203,-0.00190649
-0.00181223,-0.0142317,-0.00181223
-0.00172058,-0.0142618,-0.00172058
-0.00163248,-0.0143103,-0.00163248
-0.00154894,-0.0143772,-0.00154894
-0.00147101,-0.0144631,-0.00147101
-0.00139967,-0.0145683,-0.00139967
-0.00133578,-0.0146932,-0.00133578
-0.00128,-0.014838,-0.00128
-0.00123273,-0.0150022,-0.00123273
-0.0011941,-0.0151848,-0.0011941
-0.00116394,-0.0153843,-0.00116394
-0.00114178,-0.0155983,-0.00114178
-0.00112694,-0.0158245,-0.00112694
-0.00111852,-0.0160597,-0.00111852
-0.00111549,-0.016301,-0.00111549
-0.00111678,-0.0165455,-0.00111678
-0.00112133,-0.0167909,-0.00112133
-0.0011282,-0.0170349,-0.0011282
-0.00113663,-0.0172764,-0.00113663
-0.00114609,-0.0175147,-0.00114609
-0.00115631,-0.0177502,-0.00115631
-0.00116737,-0.0179836,-0.00116737
-0.00117959,-0.0182165,-0.00117959
-0.00119357,-0.0184508,-0.00119357
-0.00121012,-0.0186886,-0.00121012
-0.00123016,-0.0189319,-0.00123016
-0.00125465,-0.0191828,-0.00125465
-0.00128452,-0.0194425,-0.00128451
-0.00132051,-0.0197123,-0.00132051
-0.00136319,-0.0199927,-0.00136319
-0.00141285,-0.0202837,-0.00141285
-0.00146952,-0.0205846,-0.00146952
-0.00153294,-0.0208948,-0.00153294
-0.00160265,-0.0212133,-0.00160265
-0.00167803,-0.0215392,-0.00167803
-0.00175835,-0.021871,-0.00175835
-0.00184291,-0.0222083,-0.00184291
-0.00193108,-0.02255,-0.00193108
-0.00202239,-0.0228958,-0.00202239
-0.00211656,-0.0232454,-0.00211656
-0.00221352,-0.0235986,-0.00221352
-0.00231339,-0.0239555,-0.00231339
-0.00241649,-0.0243159,-0.00241649
-0.00252322,-0.0246799,-0.00252322
-0.00263402,-0.0250476,-0.00263402
-0.0027493,-0.0254186,-0.0027493
-0.00286933,-0.0257931,-0.00286933
-0.00299423,-0.0261705,-0.00299423
-0.00312394,-0.0265505,-0.00312393
-0.0032582,-0.0269327,-0.00325819
-0.0033966,-0.0273167,-0.00339661
-0.00353867,-0.0277021,-0.00353867
-0.00368388,-0.0280885,-0.00368388
-0.00383179,-0.0284756,-0.00383179
-0.0039821,-0.0288634,-0.0039821
-0.00413472,-0.029252,-0.00413473
-0.00428977,-0.0296419,-0.00428977
-0.0044476,-0.0300337,-0.00444759
-0.00460873,-0.0304287,-0.00460874
-0.00477387,-0.0308281,-0.00477387
-0.00494369,-0.0312333,-0.00494369
-0.00511883,-0.0316463,-0.00511883
-0.00529982,-0.0320687,-0.00529983
-0.00548695,-0.0325019,-0.00548695
-0.00568027,-0.0329472,-0.00568025
-0.00587942,-0.0334053,-0.00587942
-0.00608387,-0.0338765,-0.00608386
-0.00629274,-0.0343605,-0.00629274
-0.00650494,-0.0348563,-0.00650494
-0.00671924,-0.0353626,-0.00671924
-0.0069343,-0.0358779,-0.0069343
-0.00714883,-0.0364005,-0.00714884
-0.00736161,-0.0369289,-0.00736162
-0.00757159,-0.0374622,-0.00757159
-0.00777794,-0.0379999,-0.00777793
-0.0079802,-0.038542,-0.00798022
-0.00817819,-0.0390895,-0.00817819
-0.0083721,-0.0396438,-0.0083721
-0.00856243,-0.040207,-0.00856243
-0.00874998,-0.0407812,-0.00874998
-0.00893573,-0.0413687,-0.00893573
-0.00912083,-0.0419717,-0.00912084
-0.00930628,-0.0425916,-0.00930627
-0.00949305,-0.0432298,-0.00949304
-0.00968173,-0.0438867,-0.00968173
-0.00987255,-0.0445621,-0.00987254
-0.0100652,-0.0452553,-0.0100653
-0.0102591,-0.0459649,-0.0102591
-0.010453,-0.0466893,-0.010453
-0.0106453,-0.0474267,-0.0106453
-0.0108342,-0.0481752,-0.0108342
-0.0110179,-0.0489329,-0.0110179
-0.0111946,-0.0496983,-0.0111945
-0.0113626,-0.05047,-0.0113627
-0.0115211,-0.0512472,-0.0115211
-0.0116692,-0.0520291,-0.0116692
-0.0118069,-0.0528161,-0.0118069
-0.0119348,-0.0536082,-0.0119348
-0.0120536,-0.0544066,-0.0120536
-0.0121646,-0.0552123,-0.0121646
-0.012269,-0.0560267,-0.012269
-0.0123681,-0.0568515,-0.0123681
-0.0124629,-0.057688,-0.0124629
-0.0125542,-0.0585379,-0.0125542
-0.0126422,-0.0594017,-0.0126422
-0.0127269,-0.0602802,-0.0127269
-0.0128077,-0.061173,-0.0128077
-0.0128839,-0.0620794,-0.0128839
-0.0129544,-0.0629979,-0.0129543
-0.013018,-0.0639268,-0.013018
-0.0130738,-0.064864,-0.0130738
-0.0131207,-0.0658072,-0.0131208
-0.0131583,-0.0667548,-0.0131583
-0.0131861,-0.0677056,-0.0131861
-0.0132043,-0.0686587,-0.0132043
-0.0132133,-0.0696151,-0.0132133
-0.0132141,-0.0705755,-0.0132141
-0.0132079,-0.0715421,-0.0132079
-0.0131963,-0.0725177,-0.0131963
-0.0131812,-0.0735058,-0.0131812
-0.0131646,-0.0745091,-0.0131646
-0.0131484,-0.0755308,-0.0131484
-0.0131344,-0.0765741,-0.0131344
-0.0131242,-0.0776399,-0.0131242
-0.0131191,-0.07873,-0.0131191
-0.0131197,-0.0798441,-0.0131197
-0.0131262,-0.0809822,-0.0131262
-0.0131383,-0.0821424,-0.0131383
-0.013155,-0.0833228,-0.013155
-0.013175,-0.0845216,-0.013175
-0.0131966,-0.0857365,-0.0131966
-0.013218,-0.0869651,-0.013218
-0.0132372,-0.088205,-0.0132372
-0.0132526,-0.0894552,-0.0132525
-0.0132626,-0.0907134,-0.0132626
-0.0132665,-0.0919793,-0.0132665
-0.0132637,-0.093252,-0.0132637
-0.0132542,-0.0945313,-0.0132542
-0.0132386,-0.0958179,-0.0132386
-0.0132178,-0.0971118,-0.0132178
-0.0131927,-0.098414,-0.0131927
-0.0131647,-0.0997255,-0.0131648
-0.013135,-0.101048,-0.013135
-0.0131045,-0.10238,-0.0131045
-0.0130738,-0.103726,-0.0130738
-0.0130435,-0.105084,-0.0130435
-0.0130136,-0.106454,-0.0130136
-0.0129839,-0.107836,-0.0129839
-0.012954,-0.109229,-0.012954
-0.0129233,-0.110631,-0.0129233
-0.0128912,-0.11204,-0.0128912
-0.0128571,-0.113455,-0.0128571
-0.0128202,-0.114872,-0.0128202
-0.0127802,-0.116289,-0.0127802
-0.0127367,-0.117705,-0.0127367
-0.0126895,-0.119117,-0.0126895
-0.0126385,-0.120525,-0.0126384
-0.0125836,-0.121927,-0.0125837
-0.0125253,-0.123325,-0.0125253
-0.0124635,-0.124717,-0.0124635
-0.0123988,-0.126104,-0.0123988
-0.0123313,-0.127488,-0.0123313
-0.0122615,-0.128868,-0.0122615
-0.0121896,-0.130247,-0.0121896
-0.012116,-0.131623,-0.012116
-0.0120408,-0.132998,-0.0120408
-0.0119641,-0.134372,-0.0119641
-0.0118859,-0.135745,-0.0118859
-0.0118061,-0.137116,-0.0118061
-0.0117244,-0.138486,-0.0117244
-0.0116407,-0.139856,-0.0116407
-0.0115548,-0.141225,-0.0115548
-0.0114665,-0.142595,-0.0114665
-0.0113758,-0.143965,-0.0113758
-0.0112827,-0.145338,-0.0112827
-0.0111874,-0.146715,-0.0111873
-0.0110903,-0.148095,-0.0110903
-0.010992,-0.149482,-0.010992
-0.0108931,-0.150875,-0.0108931
-0.0107943,-0.152275,-0.0107942
-0.0106961,-0.153684,-0.0106961
-0.0105993,-0.1551,-0.0105993
-0.010504,-0.156523,-0.010504
-0.0104104,-0.157954,-0.0104104
-0.0103184,-0.159391,-0.0103185
-0.0102276,-0.160832,-0.0102276
-0.0101371,-0.162276,-0.0101371
-0.0100462,-0.163721,-0.0100462
-0.00995384,-0.165166,-0.00995382
-0.00985884,-0.166608,-0.00985884
-0.00976018,-0.168046,-0.00976017
-0.00965694,-0.169478,-0.00965697
-0.00954836,-0.170902,-0.00954837
-0.00943388,-0.172317,-0.00943388
-0.00931323,-0.173723,-0.00931322
-0.00918636,-0.17512,-0.00918635
-0.00905352,-0.176507,-0.00905351
-0.00891505,-0.177886,-0.00891504
-0.00877157,-0.179257,-0.00877157
-0.00862372,-0.180623,-0.00862373
-0.00847224,-0.181984,-0.00847224
-0.00831782,-0.183342,-0.00831781
-0.00816105,-0.184699,-0.00816106
-0.00800251,-0.186056,-0.0080025
-0.00784252,-0.187414,-0.00784252
-0.00768142,-0.188774,-0.00768141
-0.00751923,-0.190137,-0.00751923
-0.00735596,-0.191501,-0.00735595
-0.0071914,-0.192867,-0.0071914
-0.00702538,-0.194235,-0.00702537
-0.00685757,-0.195603,-0.00685758
-0.00668778,-0.196971,-0.00668777
-0.00651577,-0.198339,-0.00651576
-0.0063415,-0.199706,-0.00634151
-0.00616508,-0.201072,-0.00616508
-0.00598681,-0.202437,-0.00598682
-0.00580724,-0.203801,-0.00580724
-0.00562713,-0.205165,-0.00562714
-0.00544748,-0.206528,-0.00544748
-0.00526944,-0.207893,-0.00526944
-0.0050943,-0.209259,-0.0050943
-0.00492338,-0.210627,-0.00492338
-0.00475799,-0.211998,-0.00475799
-0.00459936,-0.213371,-0.00459936
-0.00444853,-0.214748,-0.00444852
-0.00430629,-0.216128,-0.00430629
-0.00417324,-0.21751,-0.00417325
-0.00404964,-0.218896,-0.00404964
-0.00393554,-0.220282,-0.00393554
-0.00383076,-0.22167,-0.00383076
-0.00373492,-0.223058,-0.00373492
-0.00364752,-0.224445,-0.00364752
-0.003568,-0.22583,-0.003568
-0.00349576,-0.227212,-0.00349577
-0.00343029,-0.228591,-0.00343029
-0.0033711,-0.229966,-0.0033711
-0.00331783,-0.231336,-0.00331783
-0.00327024,-0.232699,-0.00327024
-0.00322817,-0.234056,-0.00322817
-0.00319158,-0.235408,-0.00319158
-0.00316048,-0.236754,-0.00316048
-0.00313491,-0.238094,-0.00313491
-0.00311489,-0.239427,-0.0031149
-0.00310041,-0.240755,-0.00310041
-0.00309137,-0.242078,-0.00309136
-0.00308754,-0.243394,-0.00308753
-0.00308858,-0.244706,-0.00308858
-0.00309403,-0.246012,-0.00309403
-0.00310331,-0.247312,-0.00310331
-0.00311574,-0.248607,-0.00311575
-0.00313061,-0.249894,-0.00313061
-0.00314717,-0.251175,-0.00314717
-0.00316472,-0.252447,-0.00316472
-0.00318265,-0.25371,-0.00318266
-0.00320047,-0.254963,-0.00320047
-0.00321784,-0.256206,-0.00321784
-0.00323459,-0.257438,-0.00323459
-0.00325076,-0.258658,-0.00325076
-0.00326653,-0.259867,-0.00326653
-0.00328229,-0.261064,-0.00328229
-0.00329854,-0.26225,-0.00329853
-0.00331585,-0.263424,-0.00331585
-0.00333488,-0.264587,-0.00333487
-0.00335624,-0.26574,-0.00335624
-0.0033805,-0.266883,-0.0033805
-0.00340811,-0.268017,-0.00340811
-0.00343937,-0.269141,-0.00343937
-0.00347442,-0.270258,-0.00347442
-0.0035132,-0.271367,-0.0035132
-0.00355544,-0.272467,-0.00355544
-0.00360073,-0.273559,-0.00360073
-0.00364846,-0.274643,-0.00364846
-0.00369795,-0.275718,-0.00369794
-0.00374842,-0.276783,-0.00374843
-0.0037991,-0.277838,-0.0037991
-0.00384917,-0.278881,-0.00384917
-0.00389794,-0.279913,-0.00389794
-0.00394476,-0.280932,-0.00394476
-0.00398912,-0.281939,-0.00398911
-0.00403063,-0.282932,-0.00403063
-0.00406903,-0.283912,-0.00406902
-0.0041042,-0.284878,-0.00410421
-0.00413616,-0.285832,-0.00413616
-0.00416499,-0.286776,-0.00416499
-0.0041909,-0.287707,-0.0041909
-0.00421412,-0.288627,-0.00421412
-0.00423493,-0.289539,-0.00423493
-0.00425359,-0.290442,-0.0042536
-0.00427036,-0.291336,-0.00427036
-0.00428542,-0.292224,-0.00428542
-0.00429888,-0.293104,-0.00429888
-0.00431079,-0.293977,-0.00431079
-0.00432106,-0.294843,-0.00432106
-0.00432952,-0.295701,-0.00432952
-0.00433592,-0.296551,-0.00433592
-0.00433993,-0.297393,-0.00433994
-0.00434117,-0.298224,-0.00434118
-0.00433925,-0.299045,-0.00433925
-0.00433374,-0.299855,-0.00433374
-0.0043243,-0.300654,-0.0043243
-0.00431063,-0.301439,-0.00431063
-0.00429253,-0.302211,-0.00429253
-0.0042699,-0.30297,-0.00426991
-0.00424277,-0.303714,-0.00424277
-0.00421126,-0.304445,-0.00421126
-0.00417561,-0.305163,-0.00417562
-0.00413616,-0.305867,-0.00413617
-0.0040933,-0.306558,-0.00409329
-0.00404744,-0.307238,-0.00404745
-0.00399906,-0.307906,-0.00399906
-0.00394858,-0.308562,-0.00394859
-0.00389645,-0.30921,-0.00389645
-0.00384302,-0.309849,-0.00384302
-0.00378865,-0.310478,-0.00378865
-0.00373365,-0.311098,-0.00373365
-0.00367829,-0.31171,-0.00367829
-0.00362283,-0.312316,-0.00362283
-0.00356752,-0.312913,-0.00356752
-0.00351261,-0.313502,-0.00351261
-0.00345834,-0.314082,-0.00345834
-0.00340499,-0.314654,-0.003405
-0.00335285,-0.315217,-0.00335284
-0.0033022,-0.315772,-0.0033022
-0.00325334,-0.316318,-0.00325335
-0.00320657,-0.316854,-0.00320658
-0.00316215,-0.317381,-0.00316215
-0.00312033,-0.3179,-0.00312033
-0.0030813,-0.31841,-0.0030813
-0.00304525,-0.318913,-0.00304525
-0.00301228,-0.319408,-0.00301228
-0.00298245,-0.319897,-0.00298246
-0.00295581,-0.320378,-0.00295581
-0.0029323,-0.320853,-0.0029323
-0.00291184,-0.321322,-0.00291184
-0.00289432,-0.321785,-0.00289433
-0.00287957,-0.322242,-0.00287957
-0.00286735,-0.32269,-0.00286735
-0.00285742,-0.323132,-0.00285742
-0.00284947,-0.323565,-0.00284947
-0.00284315,-0.323991,-0.00284315
-0.00283809,-0.324406,-0.00283809
-0.00283389,-0.32481,-0.00283389
-0.00283012,-0.325205,-0.00283012
-0.00282638,-0.325588,-0.00282638
-0.00282226,-0.325959,-0.00282226
-0.00281744,-0.326321,-0.00281743
-0.00281157,-0.32667,-0.00281157
-0.00280446,-0.327007,-0.00280447
-0.00279598,-0.327333,-0.00279598
-0.00278607,-0.32765,-0.00278606
-0.00277476,-0.327956,-0.00277476
-0.00276219,-0.328253,-0.0027622
-0.00274856,-0.328541,-0.00274856
-0.00273408,-0.32882,-0.00273408
-0.002719,-0.329091,-0.002719
-0.00270358,-0.329355,-0.00270358
-0.00268801,-0.329611,-0.00268801
-0.00267245,-0.329859,-0.00267245
-0.00265698,-0.330099,-0.00265699
-0.00264162,-0.330332,-0.00264162
-0.0026263,-0.330557,-0.0026263
-0.0026109,-0.330773,-0.0026109
-0.00259525,-0.33098,-0.00259525
-0.00257913,-0.331178,-0.00257913
-0.00256234,-0.331366,-0.00256234
-0.00254467,-0.331544,-0.00254466
-0.00252593,-0.33171,-0.00252593
-0.00250601,-0.331866,-0.00250601
-0.00248481,-0.332009,-0.00248481
-0.00246233,-0.33214,-0.00246232
-0.00243859,-0.332259,-0.00243858
-0.00241369,-0.332365,-0.00241369
-0.00238779,-0.332461,-0.00238779
-0.00236107,-0.332543,-0.00236107
-0.00233374,-0.332615,-0.00233374
-0.00230605,-0.332675,-0.00230605
-0.0022782,-0.332726,-0.0022782
-0.00225044,-0.332767,-0.00225044
-0.00222297,-0.332802,-0.00222297
-0.00219596,-0.332826,-0.00219596
-0.00216955,-0.332845,-0.00216955
-0.00214384,-0.332857,-0.00214384
-0.0021189,-0.332862,-0.0021189
-0.00209473,-0.332862,-0.00209473
-0.00207131,-0.332857,-0.00207131
-0.00204857,-0.332845,-0.00204858
-0.00202641,-0.332829,-0.00202641
-0.00200468,-0.332805,-0.00200468
-0.00198324,-0.332775,-0.00198324
-0.00196191,-0.332738,-0.00196191
-0.00194051,-0.332692,-0.00194051
-0.00191885,-0.332638,-0.00191885
-0.00189677,-0.332575,-0.00189677
-0.00187414,-0.332503,-0.00187414
-0.00185083,-0.332419,-0.00185083
-0.0018268,-0.332327,-0.0018268
-0.00180204,-0.332223,-0.00180203
-0.00177659,-0.332108,-0.00177659
-0.00175059,-0.331985,-0.00175059
-0.00172421,-0.331851,-0.00172422
-0.00169772,-0.331708,-0.00169772
-0.0016714,-0.331557,-0.0016714
-0.00164558,-0.331396,-0.00164558
-0.00162063,-0.331229,-0.00162063
-0.0015969,-0.331054,-0.0015969
-0.00157474,-0.330875,-0.00157474
-0.00155446,-0.330689,-0.00155445
-0.00153629,-0.330499,-0.00153629
-0.00152043,-0.330305,-0.00152043
-0.00150699,-0.330107,-0.00150699
-0.00149599,-0.329905,-0.00149599
-0.00148738,-0.329699,-0.00148739
-0.00148104,-0.329491,-0.00148104
-0.00147678,-0.329279,-0.00147678
-0.00147435,-0.329062,-0.00147435
-0.00147348,-0.328841,-0.00147348
-0.00147385,-0.328614,-0.00147385
-0.00147516,-0.32838,-0.00147516
-0.00147709,-0.32814,-0.00147709
-0.00147933,-0.327892,-0.00147933
-0.00148162,-0.327635,-0.00148162
-0.00148368,-0.327369,-0.00148368
-0.00148531,-0.327092,-0.00148532
-0.00148632,-0.326805,-0.00148632
-0.00148656,-0.326506,-0.00148656
-0.00148593,-0.326195,-0.00148593
-0.00148434,-0.325873,-0.00148434
-0.00148177,-0.325539,-0.00148177
-0.00147822,-0.325193,-0.00147822
-0.0014737,-0.324835,-0.0014737
-0.00146829,-0.324465,-0.00146829
-0.00146205,-0.324084,-0.00146205
-0.00145509,-0.323693,-0.00145509
-0.00144752,-0.323291,-0.00144752
-0.00143947,-0.32288,-0.00143947
-0.00143106,-0.322459,-0.00143106
-0.00142244,-0.32203,-0.00142244
-0.00141372,-0.321592,-0.00141372
-0.00140502,-0.321145,-0.00140502
-0.00139643,-0.320692,-0.00139643
-0.00138806,-0.320231,-0.00138806
-0.00137997,-0.319763,-0.00137997
-0.00137221,-0.319286,-0.00137221
-0.0013648,-0.318802,-0.0013648
-0.00135776,-0.318312,-0.00135776
-0.00135108,-0.317814,-0.00135107
-0.00134472,-0.317308,-0.00134472
-0.00133865,-0.316795,-0.00133865
-0.00133283,-0.316275,-0.00133283
-0.00132718,-0.315745,-0.00132718
-0.00132167,-0.315209,-0.00132167
-0.00131622,-0.314664,-0.00131622
-0.0013108,-0.314112,-0.0013108
-0.00130536,-0.31355,-0.00130536
-0.00129987,-0.312981,-0.00129988
-0.00129433,-0.312404,-0.00129433
-0.00128873,-0.31182,-0.00128873
-0.00128309,-0.311225,-0.00128309
-0.00127744,-0.310624,-0.00127744
-0.00127182,-0.310015,-0.00127182
-0.00126629,-0.309398,-0.00126629
-0.00126089,-0.308775,-0.00126089
-0.00125568,-0.308143,-0.00125568
-0.0012507,-0.307505,-0.0012507
-0.001246,-0.30686,-0.00124599
-0.00124158,-0.306209,-0.00124158
-0.00123748,-0.305553,-0.00123748
-0.00123367,-0.304891,-0.00123367
-0.00123014,-0.304223,-0.00123014
-0.00122684,-0.303551,-0.00122684
-0.00122372,-0.302874,-0.00122372
-0.0012207,-0.302192,-0.0012207
-0.0012177,-0.301505,-0.00121771
-0.00121465,-0.300813,-0.00121465
-0.00121144,-0.300117,-0.00121145
-0.001208,-0.299416,-0.001208
-0.00120422,-0.29871,-0.00120422
-0.00120004,-0.297999,-0.00120004
-0.00119538,-0.297283,-0.00119538
-0.00119019,-0.29656,-0.00119019
-0.0011844,-0.295832,-0.0011844
-0.00117799,-0.295099,-0.00117799
-0.00117092,-0.294359,-0.00117093
-0.00116319,-0.293613,-0.00116319
-0.00115477,-0.29286,-0.00115477
-0.00114567,-0.2921,-0.00114567
-0.00113591,-0.291335,-0.00113591
-0.0011255,-0.290562,-0.0011255
-0.00111447,-0.289783,-0.00111447
-0.00110284,-0.288998,-0.00110284
-0.00109065,-0.288207,-0.00109065
-0.00107793,-0.28741,-0.00107793
-0.00106473,-0.286608,-0.00106473
-0.00105109,-0.285799,-0.00105109
-0.00103705,-0.284985,-0.00103705
-0.00102266,-0.284168,-0.00102266
-0.00100797,-0.283345,-0.00100797
-0.000993028,-0.282519,-0.000993028
-0.000977887,-0.281688,-0.000977887
-0.000962595,-0.280854,-0.000962594
-0.000947201,-0.280016,-0.000947201
-0.000931758,-0.279175,-0.000931758
-0.000916318,-0.278331,-0.000916318
-0.000900927,-0.277483,-0.000900928
-0.000885637,-0.276633,-0.000885636
-0.000870491,-0.27578,-0.000870489
-0.000855538,-0.274925,-0.000855538
-0.000840823,-0.274066,-0.000840823
-0.000826389,-0.273204,-0.000826388
-0.000812273,-0.272339,-0.000812274
-0.00079852,-0.271472,-0.00079852
-0.000785165,-0.270601,-0.000785164
-0.000772245,-0.269728,-0.000772245
-0.00075979,-0.26885,-0.000759791
-0.000747837,-0.267969,-0.000747838
-0.000736415,-0.267084,-0.000736417
-0.000725556,-0.266196,-0.000725556
-0.000715281,-0.265303,-0.000715282
-0.000705623,-0.264406,-0.000705623
-0.000696602,-0.263504,-0.000696603
-0.000688242,-0.262599,-0.000688243
-0.000680559,-0.261689,-0.000680559
-0.000673574,-0.260775,-0.000673573
-0.000667299,-0.259856,-0.000667298
-0.000661746,-0.258932,-0.000661745
-0.000656921,-0.258005,-0.000656921
-0.000652831,-0.257073,-0.000652831
-0.000649471,-0.256137,-0.000649471
-0.000646839,-0.255196,-0.000646838
-0.000644922,-0.254252,-0.000644922
-0.000643705,-0.253304,-0.000643706
-0.000643172,-0.252353,-0.000643171
-0.000643289,-0.251398,-0.00064329
-0.000644031,-0.25044,-0.000644032
-0.000645361,-0.24948,-0.000645362
-0.000647236,-0.248517,-0.000647236
-0.00064961,-0.247553,-0.000649611
-0.000652437,-0.246585,-0.000652437
-0.000655659,-0.245616,-0.000655659
-0.000659222,-0.244646,-0.000659222
-0.000663068,-0.243673,-0.000663068
-0.000667133,-0.2427,-0.000667134
-0.000671358,-0.241727,-0.000671359
-0.00067568,-0.240752,-0.000675679
-0.000680039,-0.239778,-0.000680039
-0.000684369,-0.238802,-0.000684369
-0.000688614,-0.237826,-0.000688614
-0.000692719,-0.236851,-0.000692718
-0.000696628,-0.235875,-0.000696628
-0.00070029,-0.2349,-0.00070029
-0.000703662,-0.233925,-0.000703661
-0.0007067,-0.232949,-0.0007067
-0.000709372,-0.231975,-0.000709372
-0.000711644,-0.231001,-0.000711644
-0.000713496,-0.230027,-0.000713497
-0.000714906,-0.229053,-0.000714907
-0.000715866,-0.228081,-0.000715865
-0.000716367,-0.227109,-0.000716366
-0.000716407,-0.226138,-0.000716407
-0.000715997,-0.225168,-0.000715997
-0.000715145,-0.224198,-0.000715145
-0.000713869,-0.22323,-0.000713869
-0.00071219,-0.222262,-0.000712189
-0.000710134,-0.221295,-0.000710134
-0.000707727,-0.220328,-0.000707727
-0.000705003,-0.219363,-0.000705003
-0.000701995,-0.218398,-0.000701995
-0.000698737,-0.217435,-0.000698738
-0.000695267,-0.216471,-0.000695267
-0.00069162,-0.215509,-0.00069162
-0.000687832,-0.214547,-0.000687832
-0.000683937,-0.213586,-0.000683937
-0.000679969,-0.212625,-0.000679968
-0.000675957,-0.211666,-0.000675958
-0.000671931,-0.210706,-0.000671931
-0.000667916,-0.209747,-0.000667917
-0.000663931,-0.208789,-0.000663932
-0.000659999,-0.207831,-0.000659999
-0.000656134,-0.206873,-0.000656134
-0.000652348,-0.205916,-0.000652348
-0.000648647,-0.204959,-0.000648648
-0.000645039,-0.204002,-0.000645038
-0.000641524,-0.203045,-0.000641523
-0.0006381,-0.202089,-0.000638099
-0.000634764,-0.201133,-0.000634765
-0.000631511,-0.200178,-0.000631511
-0.000628328,-0.199222,-0.000628329
-0.00062521,-0.198267,-0.000625209
-0.000622139,-0.197312,-0.000622139
-0.000619107,-0.196357,-0.000619107
-0.000616098,-0.195403,-0.000616097
-0.000613098,-0.194448,-0.000613097
-0.000610092,-0.193494,-0.000610091
-0.000607064,-0.19254,-0.000607064
-0.000604005,-0.191587,-0.000604006
-0.000600898,-0.190633,-0.000600899
-0.000597731,-0.18968,-0.000597733
-0.000594494,-0.188727,-0.000594493
-0.00059117,-0.187774,-0.000591172
-0.000587758,-0.186821,-0.000587758
-0.00058424,-0.185869,-0.00058424
-0.000580612,-0.184916,-0.000580611
-0.000576864,-0.183964,-0.000576864
-0.000572991,-0.183012,-0.000572991
-0.000568986,-0.182059,-0.000568985
-0.000564844,-0.181107,-0.000564844
-0.000560558,-0.180156,-0.000560558
-0.000556125,-0.179204,-0.000556125
-0.000551542,-0.178253,-0.000551543
-0.000546804,-0.177302,-0.000546804
-0.000541909,-0.176352,-0.00054191
-0.000536854,-0.175402,-0.000536855
-0.000531641,-0.174452,-0.00053164
-0.000526263,-0.173503,-0.000526263
-0.000520724,-0.172554,-0.000520724
-0.000515025,-0.171606,-0.000515025
-0.000509167,-0.170658,-0.000509166
-0.000503154,-0.169712,-0.000503153
-0.000496988,-0.168766,-0.000496988
-0.000490678,-0.167822,-0.000490678
-0.00048423,-0.166878,-0.00048423
-0.000477656,-0.165936,-0.000477656
-0.000470963,-0.164995,-0.000470964
-0.000464168,-0.164054,-0.000464167
-0.000457283,-0.163115,-0.000457283
-0.000450328,-0.162178,-0.000450328
-0.000443319,-0.161242,-0.000443319
-0.000436281,-0.160308,-0.000436281
-0.000429236,-0.159376,-0.000429236
-0.00042221,-0.158445,-0.00042221
-0.000415229,-0.157516,-0.000415229
-0.000408322,-0.156589,-0.000408322
-0.000401521,-0.155664,-0.000401521
-0.000394855,-0.15474,-0.000394855
-0.000388358,-0.153819,-0.000388358
-0.000382064,-0.152899,-0.000382065
-0.000376005,-0.151982,-0.000376005
-0.000370215,-0.151067,-0.000370214
-0.000364726,-0.150153,-0.000364726
-0.000359571,-0.149242,-0.000359571
-0.000354781,-0.148332,-0.000354781
-0.000350385,-0.147424,-0.000350386
-0.000346413,-0.146519,-0.000346413
-0.000342887,-0.145615,-0.000342886
-0.000339831,-0.144714,-0.000339831
-0.000337268,-0.143814,-0.000337267
-0.000335212,-0.142915,-0.000335213
-0.000333681,-0.142019,-0.00033368
-0.000332685,-0.141124,-0.000332685
-0.000332233,-0.140231,-0.000332233
-0.00033233,-0.139339,-0.000332331
-0.000332981,-0.138449,-0.000332981
-0.000334183,-0.13756,-0.000334183
-0.000335934,-0.136673,-0.000335934
-0.000338229,-0.135787,-0.000338228
-0.000341059,-0.134902,-0.00034106
-0.000344416,-0.134018,-0.000344416
-0.000348287,-0.133136,-0.000348288
-0.00035266,-0.132254,-0.00035266
-0.00035752,-0.131374,-0.00035752
-0.00036285,-0.130495,-0.000362849
-0.000368634,-0.129617,-0.000368634
-0.000374855,-0.12874,-0.000374855
-0.000381494,-0.127865,-0.000381495
-0.000388534,-0.12699,-0.000388535
-0.000395957,-0.126116,-0.000395956
-0.000403741,-0.125244,-0.000403741
-0.000411868,-0.124373,-0.000411868
-0.000420319,-0.123504,-0.000420319
-0.000429072,-0.122635,-0.000429072
-0.000438109,-0.121768,-0.000438109
-0.000447408,-0.120903,-0.000447408
-0.000456949,-0.120039,-0.000456948
-0.000466708,-0.119177,-0.000466708
-0.000476664,-0.118317,-0.000476664
-0.000486794,-0.117458,-0.000486794
-0.000497073,-0.116601,-0.000497073
-0.000507479,-0.115746,-0.000507479
-0.000517985,-0.114893,-0.000517984
-0.000528564,-0.114042,-0.000528564
-0.000539192,-0.113193,-0.000539192
-0.000549838,-0.112347,-0.000549839
-0.000560478,-0.111504,-0.000560478
-0.000571082,-0.110662,-0.000571081
-0.000581621,-0.109824,-0.000581621
-0.000592064,-0.108988,-0.000592065
-0.000602386,-0.108155,-0.000602386
-0.000612553,-0.107325,-0.000612552
-0.000622538,-0.106499,-0.000622539
-0.000632312,-0.105675,-0.000632311
-0.000641845,-0.104855,-0.000641846
-0.000651111,-0.104038,-0.000651112
-0.000660083,-0.103225,-0.000660083
-0.000668734,-0.102415,-0.000668734
-0.00067704,-0.10161,-0.00067704
-0.000684976,-0.100808,-0.000684977
-0.000692522,-0.100009,-0.000692523
-0.000699656,-0.0992156,-0.000699658
-0.000706363,-0.0984254,-0.000706363
-0.000712622,-0.0976396,-0.000712623
-0.000718426,-0.096858,-0.000718427
-0.000723758,-0.0960805,-0.000723757
-0.000728612,-0.0953075,-0.000728614
-0.000732981,-0.0945388,-0.000732981
-0.000736861,-0.0937744,-0.000736862
-0.000740254,-0.0930141,-0.000740254
-0.000743159,-0.0922583,-0.000743159
-0.00074558,-0.0915069,-0.000745582
-0.00074753,-0.0907594,-0.00074753
-0.000749013,-0.0900162,-0.000749013
-0.000750044,-0.0892773,-0.000750043
-0.000750637,-0.0885425,-0.000750637
-0.000750806,-0.0878114,-0.000750807
-0.000750573,-0.0870843,-0.000750573
-0.000749957,-0.0863611,-0.000749955
-0.000748975,-0.0856417,-0.000748976
-0.000747655,-0.084926,-0.000747657
-0.000746017,-0.0842138,-0.000746017
-0.000744084,-0.083505,-0.000744084
-0.00074188,-0.0827996,-0.000741879
-0.000739425,-0.0820975,-0.000739427
-0.000736747,-0.0813984,-0.000736746
-0.000733865,-0.0807024,-0.000733866
-0.000730802,-0.0800096,-0.000730802
-0.000727576,-0.0793197,-0.000727576
-0.000724209,-0.0786326,-0.000724206
-0.000720713,-0.0779484,-0.000720713
-0.000717109,-0.077267,-0.000717109
-0.000713412,-0.0765882,-0.00071341
-0.000709633,-0.0759124,-0.000709632
-0.000705784,-0.0752393,-0.000705782
-0.000701872,-0.0745687,-0.000701873
-0.000697909,-0.073901,-0.000697909
-0.000693898,-0.0732361,-0.000693898
-0.000689846,-0.072574,-0.000689846
-0.000685754,-0.0719145,-0.000685755
-0.000681626,-0.0712581,-0.000681626
-0.00067746,-0.0706042,-0.00067746
-0.000673257,-0.0699536,-0.000673256
-0.000669013,-0.0693056,-0.000669014
-0.000664728,-0.0686607,-0.000664728
-0.000660396,-0.0680189,-0.000660396
-0.000656014,-0.0673798,-0.000656013
-0.000651573,-0.066744,-0.000651572
-0.000647072,-0.0661112,-0.000647072
-0.000642505,-0.0654816,-0.000642505
-0.000637864,-0.0648549,-0.000637865
-0.000633147,-0.0642315,-0.000633145
-0.000628343,-0.0636114,-0.000628343
-0.000623454,-0.0629943,-0.000623455
-0.000618475,-0.0623805,-0.000618474
-0.0006134,-0.0617702,-0.0006134
-0.00060823,-0.0611631,-0.00060823
-0.000602963,-0.0605591,-0.000602963
-0.000597604,-0.0599586,-0.000597603
-0.000592151,-0.0593616,-0.000592151
-0.000586611,-0.0587679,-0.000586611
-0.000580989,-0.0581777,-0.000580989
-0.000575294,-0.0575911,-0.000575294
-0.000569533,-0.0570079,-0.000569533
-0.000563719,-0.0564283,-0.000563719
-0.000557862,-0.0558523,-0.000557863
-0.000551977,-0.0552799,-0.000551978
-0.00054608,-0.0547112,-0.000546081
-0.000540185,-0.054146,-0.000540184
-0.000534307,-0.0535846,-0.000534307
-0.000528461,-0.0530268,-0.00052846
-0.000522665,-0.0524725,-0.000522665
-0.000516934,-0.0519219,-0.000516934
-0.000511282,-0.051375,-0.000511282
-0.000505722,-0.0508313,-0.000505722
-0.000500264,-0.0502914,-0.000500265
-0.000494921,-0.0497549,-0.000494921
-0.000489696,-0.0492217,-0.000489696
-0.000484598,-0.0486919,-0.000484598
-0.000479629,-0.0481654,-0.000479629
-0.000474787,-0.0476421,-0.000474787
-0.000470071,-0.0471221,-0.000470071
-0.000465477,-0.0466052,-0.000465477
-0.000460997,-0.0460914,-0.000460997
-0.000456622,-0.0455808,-0.000456622
-0.000452342,-0.0450734,-0.000452342
-0.000448145,-0.0445689,-0.000448146
-0.00044402,-0.0440677,-0.00044402
-0.000439952,-0.0435697,-0.000439953
-0.00043593,-0.0430749,-0.00043593
-0.000431941,-0.0425835,-0.000431941
-0.000427974,-0.0420954,-0.000427975
-0.000424022,-0.0416106,-0.000424022
-0.000420076,-0.0411295,-0.000420076
-0.000416131,-0.0406518,-0.000416131
-0.000412186,-0.0401778,-0.000412186
-0.00040824,-0.0397076,-0.000408241
-0.000404298,-0.0392411,-0.000404299
-0.000400366,-0.0387786,-0.000400365
-0.000396451,-0.0383199,-0.00039645
-0.000392566,-0.0378651,-0.000392565
-0.000388723,-0.0374142,-0.000388723
-0.000384938,-0.0369674,-0.000384938
-0.000381227,-0.0365245,-0.000381226
-0.000377606,-0.0360855,-0.000377606
-0.000374095,-0.0356503,-0.000374094
-0.000370707,-0.0352191,-0.000370708
-0.000367461,-0.0347916,-0.000367462
-0.000364372,-0.0343679,-0.000364373
-0.000361452,-0.0339476,-0.000361453
-0.000358714,-0.033531,-0.000358714
-0.000356166,-0.0331179,-0.000356166
-0.000353814,-0.0327081,-0.000353814
-0.000351663,-0.0323015,-0.000351662
-0.000349712,-0.0318982,-0.000349712
-0.000347962,-0.031498,-0.000347962
-0.000346406,-0.0311008,-0.000346407
-0.000345041,-0.0307066,-0.000345041
-0.000343856,-0.0303153,-0.000343857
-0.000342841,-0.0299269,-0.000342842
-0.000341985,-0.0295414,-0.000341984
-0.000341273,-0.0291587,-0.000341273
-0.000340693,-0.0287789,-0.000340694
-0.000340231,-0.0284019,-0.00034023
-0.000339871,-0.0280278,-0.000339871
-0.000339601,-0.0276566,-0.000339602
-0.000339409,-0.0272882,-0.000339408
-0.000339279,-0.0269228,-0.000339279
-0.000339205,-0.0265603,-0.000339205
-0.000339175,-0.0262009,-0.000339175
-0.000339183,-0.0258444,-0.000339183
-0.000339223,-0.0254911,-0.000339223
-0.000339292,-0.0251408,-0.000339291
-0.000339387,-0.0247937,-0.000339387
-0.000339509,-0.0244497,-0.000339509
-0.000339662,-0.024109,-0.000339662
-0.000339848,-0.0237715,-0.000339848
-0.000340073,-0.0234373,-0.000340073
-0.000340344,-0.0231064,-0.000340344
-0.00034067,-0.0227786,-0.000340669
-0.000341058,-0.0224542,-0.000341059
-0.00034152,-0.0221331,-0.00034152
-0.000342065,-0.0218152,-0.000342065
-0.000342702,-0.0215007,-0.000342702
-0.000343443,-0.0211894,-0.000343442
-0.000344294,-0.0208815,-0.000344293
-0.000345265,-0.0205768,-0.000345264
-0.000346362,-0.0202753,-0.000346363
-0.000347592,-0.0199771,-0.000347592
-0.000348957,-0.0196822,-0.000348956
-0.000350459,-0.0193903,-0.000350459
-0.0003521,-0.0191018,-0.0003521
-0.000353876,-0.0188164,-0.000353876
-0.000355783,-0.0185342,-0.000355783
-0.000357815,-0.0182551,-0.000357815
-0.000359963,-0.0179792,-0.000359963
-0.000362217,-0.0177065,-0.000362218
-0.000364566,-0.017437,-0.000364566
-0.000366995,-0.0171707,-0.000366996
-0.00036949,-0.0169076,-0.00036949
-0.000372034,-0.0166478,-0.000372034
-0.000374611,-0.0163914,-0.000374611
-0.000377204,-0.0161382,-0.000377203
-0.000379794,-0.0158885,-0.000379794
-0.000382363,-0.0156422,-0.000382364
-0.000384895,-0.0153993,-0.000384896
-0.000387372,-0.0151598,-0.000387372
-0.000389777,-0.0149238,-0.000389777
-0.000392095,-0.0146914,-0.000392094
-0.000394307,-0.0144624,-0.000394307
-0.000396402,-0.0142369,-0.000396402
-0.000398362,-0.0140148,-0.000398362
-0.000400176,-0.0137962,-0.000400176
-0.000401831,-0.0135809,-0.000401832
-0.000403315,-0.0133689,-0.000403315
-0.000404617,-0.0131603,-0.000404617
-0.000405726,-0.0129549,-0.000405727
-0.000406633,-0.0127526,-0.000406633
-0.000407329,-0.0125534,-0.000407329
-0.000407807,-0.0123572,-0.000407807
-0.000408061,-0.012164,-0.000408061
-0.000408086,-0.0119737,-0.000408086
-0.000407878,-0.0117863,-0.000407879
-0.000407437,-0.0116019,-0.000407437
-0.000406759,-0.0114202,-0.00040676
-0.000405849,-0.0112415,-0.00040585
-0.000404711,-0.0110658,-0.000404711
-0.000403347,-0.010893,-0.000403347
-0.000401767,-0.0107233,-0.000401767
-0.000399979,-0.0105567,-0.000399979
-0.000397995,-0.0103934,-0.000397994
-0.000395826,-0.0102334,-0.000395826
-0.000393486,-0.0100768,-0.000393486
-0.00039099,-0.00992392,-0.000390991
-0.000388356,-0.00977472,-0.000388357
-0.000385597,-0.00962943,-0.000385598
-0.000382732,-0.00948819,-0.000382732
-0.000379778,-0.00935109,-0.000379778
-0.000376749,-0.00921828,-0.000376749
-0.000373664,-0.00908986,-0.000373664
-0.000370537,-0.008966,-0.000370536
-0.000367382,-0.0088467,-0.000367381
-0.000364214,-0.00873207,-0.000364214
-0.000361043,-0.00862219,-0.000361043
-0.000357883,-0.00851706,-0.000357882
-0.000354741,-0.0084167,-0.000354741
-0.000351628,-0.00832109,-0.000351628
-0.000348549,-0.00823024,-0.000348548
-0.000345511,-0.00814403,-0.00034551
-0.000342519,-0.00806245,-0.000342519
-0.000339576,-0.00798539,-0.000339576
-0.000336685,-0.00791275,-0.000336685
-0.000333848,-0.00784439,-0.000333848
-0.000331065,-0.00778018,-0.000331065
-0.000328337,-0.00772002,-0.000328337
-0.000325663,-0.00766374,-0.000325663
-0.000323042,-0.00761119,-0.000323042
-0.000320472,-0.00756221,-0.000320472
-0.000317953,-0.00751666,-0.000317953
-0.000315481,-0.00747439,-0.00031548
-0.000313055,-0.00743528,-0.000313055
-0.000310672,-0.00739919,-0.000310673
-0.000308333,-0.00736601,-0.000308332
-0.000306033,-0.00733565,-0.000306034
-0.000303774,-0.00730799,-0.000303773
-0.000301553,-0.00728294,-0.000301552
-0.000299371,-0.00726051,-0.000299371
-0.000297229,-0.0072406,-0.00029723
-0.000295129,-0.00722318,-0.00029513
-0.000293072,-0.00720821,-0.000293072
-0.000291062,-0.00719573,-0.000291062
-0.000289102,-0.00718573,-0.000289101
-0.000287195,-0.00717822,-0.000287196
-0.000285347,-0.00717317,-0.000285347
-0.000283562,-0.0071707,-0.000283562
-0.000281846,-0.00717078,-0.000281846
-0.000280203,-0.00717341,-0.000280204
-0.00027864,-0.00717868,-0.000278639
-0.000277158,-0.00718658,-0.000277157
-0.000275763,-0.00719716,-0.000275763
-0.000274459,-0.00721043,-0.000274459
-0.000273248,-0.00722639,-0.000273247
-0.000272131,-0.00724507,-0.000272131
-0.000271109,-0.00726649,-0.000271109
-0.000270181,-0.00729062,-0.000270181
-0.000269347,-0.00731748,-0.000269347
-0.000268602,-0.00734705,-0.000268603
-0.000267944,-0.00737931,-0.000267943
-0.000267367,-0.00741425,-0.000267367
-0.000266867,-0.00745187,-0.000266867
-0.000266436,-0.00749212,-0.000266435
-0.000266066,-0.00753502,-0.000266067
-0.000265754,-0.00758056,-0.000265754
-0.000265488,-0.0076287,-0.000265489
-0.000265264,-0.00767946,-0.000265264
-0.000265072,-0.00773281,-0.000265073
-0.000264906,-0.00778882,-0.000264906
-0.00026476,-0.00784746,-0.00026476
-0.000264627,-0.00790876,-0.000264627
-0.000264501,-0.00797275,-0.000264501
-0.000264379,-0.00803952,-0.000264379
-0.000264257,-0.00810905,-0.000264257
-0.000264132,-0.00818151,-0.000264133
-0.000264002,-0.00825686,-0.000264002
-0.000263867,-0.00833528,-0.000263867
-0.000263727,-0.00841677,-0.000263727
-0.000263582,-0.00850149,-0.000263582
-0.000263435,-0.00858947,-0.000263435
-0.000263286,-0.00868087,-0.000263286
-0.000263139,-0.00877574,-0.000263139
-0.000262998,-0.0088742,-0.000262998
-0.000262865,-0.00897633,-0.000262865
-0.000262743,-0.00908219,-0.000262744
-0.000262638,-0.00919187,-0.000262638
-0.00026255,-0.00930543,-0.000262551
-0.000262485,-0.00942294,-0.000262485
-0.000262444,-0.00954438,-0.000262444
-0.000262428,-0.00966983,-0.000262428
-0.00026244,-0.00979925,-0.000262441
-0.000262482,-0.00993271,-0.000262482
-0.000262552,-0.0100701,-0.000262552
-0.000262651,-0.0102115,-0.000262651
-0.000262777,-0.0103568,-0.000262777
-0.000262929,-0.010506,-0.000262929
-0.000263104,-0.010659,-0.000263104
-0.0002633,-0.0108156,-0.0002633
-0.000263514,-0.010976,-0.000263513
-0.000263741,-0.0111399,-0.000263741
-0.000263978,-0.0113073,-0.000263978
-0.000264222,-0.0114781,-0.000264222
-0.000264469,-0.0116522,-0.000264469
-0.000264715,-0.0118295,-0.000264715
-0.000264957,-0.01201,-0.000264957
-0.000265192,-0.0121935,-0.000265192
-0.000265417,-0.01238,-0.000265417
